29
37
57
26
31
62
45
29
26
41
51
30
53
40
31
18
26
25
34
23
22
31
16
25
28
24
74
19
23
31
50
40
32
29
22
21
54
35
32
30
26
31
34
32
35
30
35
24
27
35
30
30
37
32
30
51
39
52
48
41
38
50
50
42
24
32
29
36
44
48
42
32
50
38
20
21
34
32
41
35
33
24
32
38
26
28
51
32
56
36
48
38
29
49
43
41
27
45
34
30
35
29
32
22
49
33
43
22
30
26
21
31
28
23
34
53
39
24
42
41
38
45
26
15
29
29
37
28
41
46
53
73
24
40
36
46
20
30
40
28
27
41
45
28
25
40
28
33
25
41
37
38
26
34
19
31
22
29
44
39
32
27
30
29
38
39
26
30
20
31
38
39
38
26
36
38
49
36
32
25
38
15
38
34
32
25
25
30
27
34
51
26
28
23
27
58
31
34
34
35
40
53
23
56
39
28
27
32
22
31
37
19
33
39
21
34
18
38
31
22
38
30
33
17
20
34
37
21
28
27
30
15
29
43
34
30
31
50
27
27
46
28
42
50
26
30
35
34
50
33
17
28
37
43
17
43
67
40
28
26
39
47
34
18
42
46
34
21
44
45
35
22
26
36
38
34
44
24
36
29
32
29
23
43
22
26
40
25
22
10
40
34
30
27
50
29
83
59
17
34
32
44
28
24
36
85
41
45
40
43
38
28
41
37
31
16
23
33
48
25
26
56
28
53
18
20
28
39
31
29
43
29
49
31
35
37
23
30
20
38
16
30
23
35
35
42
21
25
34
27
40
24
45
24
53
38
25
26
31
12
31
41
32
18
43
33
41
12
34
15
25
32
19
38
36
25
29
23
34
34
30
38
22
27
26
21
32
23
66
21
27
18
19
45
32
25
32
33
53
42
46
38
24
33
21
27
30
64
33
38
40
24
25
34
19
34
28
51
33
27
31
22
46
52
34
38
20
25
24
56
37
38
40
35
49
20
29
24
36
19
66
28
33
43
33
42
32
24
44
30
23
23
33
39
46
39
37
44
34
23
20
32
20
25
31
36
57
50
41
30
27
29
37
52
35
36
19
13
42
35
47
47
35
45
19
43
32
29
34
42
25
49
41
33
20
47
21
51
47
37
24
35
62
50
34
26
42
38
26
27
29
64
62
18
30
20
29
31
22
44
36
25
22
26
20
59
50
23
32
24
39
42
43
24
32
33
37
36
30
32
27
30
46
28
29
39
27
20
48
21
26
46
24
42
44
21
56
25
31
29
29
44
13
31
25
27
52
50
48
35
26
31
31
20
42
26
26
33
29
32
57
47
66
20
43
39
38
40
25
36
43
32
41
27
32
24
31
98
15
69
18
35
32
44
30
31
55
33
40
28
19
37
34
24
36
28
54
37
27
27
27
20
20
22
18
44
22
29
28
17
48
41
14
27
39
26
32
38
45
18
24
39
34
24
20
56
34
27
24
33
18
24
33
48
31
50
27
31
31
22
51
26
37
32
39
36
43
44
37
33
22
17
29
44
31
19
24
53
54
37
33
35
26
33
24
22
22
19
28
26
26
25
31
30
21
17
26
37
35
32
55
37
32
19
19
48
24
50
21
28
29
24
28
34
27
35
34
42
44
37
47
27
36
46
33
36
31
45
48
37
45
35
78
36
68
29
33
45
24
41
64
34
32
39
16
19
33
24
44
27
38
38
39
39
34
33
35
49
35
45
27
28
35
27
21
30
31
34
27
40
16
28
20
23
48
25
47
43
29
31
45
28
43
44
58
39
39
29
21
21
37
57
43
34
35
28
34
35
39
38
44
20
35
34
35
24
30
41
15
32
18
32
38
28
23
57
26
34
39
19
46
24
39
32
38
38
47
22
34
29
21
61
36
49
26
24
34
35
27
62
28
28
29
35
48
33
34
25
56
24
30
30
50
28
24
63
36
29
39
37
40
45
30
30
42
30
24
26
41
40
34
37
21
35
29
17
37
27
22
23
27
23
16
37
29
24
37
22
22
26
40
47
38
34
29
47
30
23
29
44
53
43
19
21
34
64
35
60
26
21
33
20
31
46
38
25
37
41
28
30
37
24
39
25
17
22
38
33
14
32
29
34
58
28
18
82
54
21
27
29
25
32
32
20
40
37
39
11
25
25
47
34
40
31
44
33
39
29
13
30
46
18
21
20
30
33
35
33
26
41
35
34
45
44
36
44
29
30
21
26
32
32
17
17
54
34
34
26
43
25
54
34
34
33
43
31
43
38
50
31
