"Hetero_pwr","median","var"
0.1,-9.5723429183181e-15,2.61349608029089e-29
0.11,-3.24974984669144e-30,3.52544536826138e-59
0.12,-9.83081788093369e-30,1.29452468194938e-58
0.13,-1.20203688695896e-29,1.42963822917808e-58
0.14,9.67675334614403e-31,5.2386804072255e-59
0.15,1.42383882462127e-14,8.59598109971213e-29
0.16,1.45347502841538e-29,9.71818440520963e-59
0.17,-4.30322444344711e-15,5.85580965234754e-29
0.18,-9.21591041955619e-30,8.66284156091961e-59
0.19,4.30944169238501e-15,1.13806093206116e-28
0.2,-9.28501719954511e-15,1.52571450884392e-28
0.21,-3.41381395419711e-30,1.22845224783092e-59
0.22,-1.10045306200846e-15,8.65440260643072e-29
0.23,-6.60627108572953e-15,2.59090787740297e-28
0.24,-7.93275295350175e-30,3.56013059636499e-58
0.25,-9.62430135587056e-15,1.46518953097485e-28
0.26,8.68993765834603e-15,6.71785216509669e-28
0.27,2.00728322852228e-16,1.58575195645985e-28
0.28,-3.85006313095145e-30,3.64157660175342e-59
0.29,-7.31613688411479e-30,5.13157895237406e-59
0.3,-1.81964857700107e-30,7.58623625958642e-60
0.31,-2.61799470990809e-14,8.60388577025665e-28
0.32,-2.12109541423789e-29,3.98409247493483e-58
0.33,-1.50854919843899e-29,7.47411958176379e-58
0.34,2.83359946491035e-30,6.80494230334981e-60
0.35,1.4210854715202e-17,4.56352827689099e-29
0.36,-4.88607496281693e-30,5.88426960444206e-59
0.37,-9.63851221058576e-15,8.31676516419763e-29
0.38,-3.38410091694147e-30,1.07569457541615e-59
0.39,8.64019966684282e-15,1.06469375349381e-27
0.4,-3.26849658449646e-14,1.16054626322292e-27
0.41,3.83835185857606e-14,6.38765188869307e-28
0.42,2.1227464230833e-14,3.97837005108127e-28
0.43,-4.23736714125557e-29,9.93728116289622e-58
0.44,-6.43041175862891e-15,3.62454658865103e-28
0.45,3.98330257667112e-14,1.78553327543159e-27
0.46,-2.38649770643057e-29,6.34240422743253e-58
0.47,-3.59128292315356e-30,3.34436487947176e-59
0.48,-2.93631785552861e-15,1.48725660003023e-29
0.49,7.05568936609779e-14,2.49166210025719e-27
0.5,3.81916720471054e-15,4.79775884678861e-29
0.51,-7.13206010537111e-30,1.50348204551941e-58
0.52,-1.69248062647939e-30,6.45462126232271e-60
0.53,-6.84892142999161e-14,1.28550961340581e-27
0.54,2.24673613047344e-14,5.88144671577258e-28
0.55,-2.07360717103494e-30,8.58268672221529e-60
0.56,3.58343147684555e-32,1.2874261009222e-60
0.57,1.9342060659517e-30,1.63978614434968e-60
0.58,-5.77671244172961e-15,6.15564067906149e-29
0.59,-5.59945599262292e-30,9.40368782172707e-58
0.6,-2.40630166502569e-29,7.4848575650448e-58
0.61,3.28270743921166e-15,2.16228103892615e-28
0.62,-9.18747896349309e-30,5.78800347398755e-59
0.63,-5.61328761250479e-15,8.11583889614045e-29
0.64,4.37694325228222e-14,7.14998382018629e-27
0.65,-1.62333520552568e-29,4.11654770211404e-58
0.66,7.40385530662024e-15,1.51523758319998e-28
0.67,-8.10018718766514e-14,7.67484748815912e-27
0.68,-2.21814052890072e-31,4.41692788961057e-61
0.69,-9.13900066734641e-14,3.66604839820669e-27
0.7,-7.57737692430439e-31,6.55204506830837e-61
0.71,-2.34479102800833e-16,2.9610556594287e-29
0.72,7.0912165028858e-15,8.65202299448089e-29
0.73,-8.1814846410741e-31,5.77038711343705e-61
0.74,-2.49923894599158e-29,5.60417693162271e-58
0.75,-1.39920075525879e-13,1.46980190387652e-26
0.76,-1.63465991703623e-29,6.35561248336344e-58
0.77,2.3383151177196e-30,3.59371586855614e-58
0.78,-5.275400376035e-31,2.72552567913172e-61
0.79,-3.75241441905884e-31,1.83539676559194e-61
0.8,7.52248144976474e-31,1.7457167447394e-57
0.81,1.2990845831383e-31,6.98618921310137e-62
0.82,-1.66731360626459e-31,3.98693805913511e-62
0.83,-2.27373675443232e-15,6.53803369859973e-27
0.84,-1.8360424292041e-14,1.93000400133148e-28
0.85,-6.11066752753686e-16,5.2791816266666e-29
0.86,-1.16449181638397e-31,3.04204360732427e-62
0.87,7.03437308402499e-16,7.13586360480811e-30
0.88,-2.78384088002218e-29,2.22416105560989e-57
0.89,1.75026294674616e-31,1.37086747668608e-62
0.9,1.77635683940025e-17,2.90275544303548e-31
0.91,4.35526013556575e-30,1.42892841569652e-57
0.92,4.1438852349529e-14,2.24841827445356e-26
0.93,2.26979628651772e-29,2.31159291920988e-57
0.94,0,0
0.95,-4.50133982027276e-29,2.2318707294243e-57
0.96,0,0
0.97,-2.51021062645442e-32,3.3236963864754e-64
0.98,0,0
0.99,-2.59698334809867e-29,2.49883776554866e-57
1,-1.86350481715916e-29,2.98087795466103e-57
1.01,-2.49971482633266e-29,2.33123771380526e-57
1.02,-9.57811607804615e-14,2.85267567844402e-26
1.03,1.41909595186007e-13,1.77026876669379e-26
1.04,-7.37805224619036e-33,6.20141064090181e-64
1.05,0,0
1.06,-2.29647412197664e-14,1.43633102998924e-26
1.07,-5.6678500482163e-33,3.54416618429836e-63
1.08,-9.09317500257932e-32,4.94989759805136e-63
1.09,3.20620901569515e-32,6.38420653458523e-63
1.1,1.23331502463575e-29,3.31871232938951e-57
1.11,-2.78121984036078e-30,4.92503241195695e-58
1.12,-5.43230977744198e-29,3.12797801072527e-57
1.13,-2.8421709430404e-17,8.07793566946316e-31
1.14,-2.05251438628401e-32,3.83924828316875e-62
1.15,4.2632564145606e-15,2.24387101929532e-28
1.16,-7.23331265204241e-29,5.7542890837283e-57
1.17,1.93267624126747e-15,1.51512640040173e-28
1.18,-5.11083413044458e-32,1.42331667768241e-61
1.19,-2.50111042987555e-14,1.60892425201912e-26
1.2,1.39863627174222e-29,3.5958001537002e-57
1.21,-1.79056769411545e-15,2.99993911408549e-27
1.22,6.84963197272737e-15,1.59229130540042e-28
1.23,-3.97903932025656e-16,2.89511920630089e-29
1.24,1.47792889038101e-15,5.60328959110229e-29
1.25,-3.12638803734444e-15,1.81046025664945e-28
1.26,-5.29427048355571e-31,2.28906474262479e-61
1.27,-1.78175042838567e-29,5.3071063906635e-57
1.28,-7.70334881570826e-29,4.96138161940726e-57
1.29,-5.51381162949838e-15,6.26152410084902e-28
1.3,6.38920027995482e-14,3.33992802512261e-27
1.31,8.90688490816569e-29,3.76146700172911e-58
1.32,3.65503183274996e-14,8.06776377761656e-26
1.33,-3.84148343429432e-29,6.51364982646272e-57
1.34,-1.48464238660177e-30,1.7073496979456e-60
1.35,-1.32786226458848e-13,4.1138780334419e-26
1.36,-3.97903932025656e-14,8.20246040350694e-27
1.37,1.47003709039738e-28,2.53532961562136e-57
1.38,-1.10891650398139e-30,1.02248959867239e-60
1.39,-1.53931978275068e-13,3.01211941199975e-26
1.4,-8.74646470287045e-31,2.57277539924187e-60
1.41,-5.96855898038484e-14,9.81626861262752e-26
1.42,-3.88240550819319e-14,1.53476249547653e-27
1.43,5.91739990341011e-14,1.83304257458764e-26
1.44,3.85966814064886e-14,2.28930120012404e-26
1.45,-8.48903292876014e-29,9.24859120581282e-57
1.46,-2.12716316707606e-30,4.60029204185736e-60
1.47,8.42419467517175e-14,6.3642683268655e-27
1.48,9.91430327705226e-30,5.88463075544383e-57
1.49,2.95873006081071e-30,4.96551881347994e-57
1.5,-2.97954538839013e-29,2.51960017626248e-57
1.51,6.92352841724642e-14,2.37809121678766e-26
1.52,-2.29987091827598e-29,8.15695805378448e-57
1.53,-2.81715983874165e-13,4.65950983952629e-26
1.54,-3.26553252673318e-30,8.39356517463948e-60
1.55,-1.44978693728313e-30,5.95935444576894e-60
1.56,-8.80118208281628e-30,4.37918494569285e-57
1.57,-5.93969490579217e-31,2.08105762983935e-60
1.58,1.75077730091289e-13,9.44240331371531e-26
1.59,-6.82121026329696e-16,6.54597740630912e-27
1.6,-1.10244507121946e-30,1.29681288735779e-59
1.61,-1.00953911896795e-13,5.34914269494064e-27
1.62,-2.97685907048882e-30,9.56443926369629e-60
1.63,-2.05190088669283e-29,5.52873999597643e-58
1.64,-2.08911407524201e-30,7.79945670517992e-60
1.65,-2.02646788238781e-14,8.50377063838659e-27
1.66,6.83257894706912e-14,4.77631468694109e-26
1.67,1.94972926692572e-14,4.5842923719917e-27
1.68,4.73846739623696e-13,8.00293102601948e-26
1.69,-6.24867696204015e-30,3.58454108951782e-59
1.7,2.19415596802719e-14,7.42329264711078e-26
1.71,-4.80206728531232e-30,2.04665267076939e-59
1.72,-3.78772727211704e-29,3.86444295872547e-57
1.73,-3.32192939822562e-13,9.3434511084311e-26
1.74,-4.55570490911317e-29,2.04502022987617e-57
1.75,-9.85961469361096e-30,5.11255401578536e-59
1.76,9.55321600275318e-30,3.36225628535492e-59
1.77,5.88329385209363e-14,4.5358619536747e-26
1.78,2.36468622460961e-14,5.27950716989989e-26
1.79,1.69734448718373e-13,1.83449320687903e-26
1.8,-1.97352241583729e-29,2.04825900240803e-57
1.81,-3.73092356769956e-30,7.00106432125802e-59
1.82,-5.57546403311174e-29,4.25607024411493e-57
1.83,-2.00512467673851e-30,5.07165940093372e-59
1.84,6.3664629124105e-15,1.48635827586981e-26
1.85,-7.60067482180445e-29,7.69742231868092e-57
1.86,-1.25204874550152e-29,1.26786848292717e-58
1.87,1.99509628248088e-29,1.22655735916723e-56
1.88,-1.0371900842202e-29,1.13411077932882e-58
1.89,-1.34036781673785e-13,1.12957958173726e-25
1.9,-1.68517541396296e-29,7.77969596987426e-57
1.91,-7.11679604137316e-14,1.92010541701803e-26
1.92,-2.19756657315884e-13,1.26821306518046e-25
1.93,4.62634764969474e-29,1.79279095340849e-56
1.94,-9.46673968981627e-29,7.78719010319127e-57
1.95,9.53417487265342e-30,7.54795651473719e-57
1.96,-1.01515576316401e-29,1.30920920377048e-58
1.97,-9.4496920605278e-30,1.09146988115573e-58
1.98,1.98951966012828e-14,1.92043015164915e-26
1.99,-5.49724673639989e-30,1.54201073474182e-58
2,-5.4585560672272e-30,1.49133762371854e-58
2.01,1.37390543386573e-13,2.79812252450248e-27
2.02,-2.28099993561271e-29,2.70084847234115e-58
2.03,-3.40605765813962e-13,6.77929988564825e-26
2.04,-5.64408493551918e-30,8.97807186652759e-59
2.05,4.27462509833276e-14,4.75926935321614e-26
2.06,8.10838077002403e-30,2.04895024225279e-58
2.07,-1.33656529622197e-28,1.94627496802347e-56
2.08,3.86535248253494e-13,3.94339105834214e-26
2.09,3.75166564481333e-14,2.61741287733989e-26
2.1,8.27640178613365e-14,2.97953934277809e-25
2.11,-1.92699189938139e-13,7.36148180354012e-26
2.12,-4.52132553618867e-13,1.38852789289095e-25
2.13,-8.48390321281252e-31,1.49754568179952e-58
2.14,-4.22915036324412e-14,4.76831534740246e-26
2.15,-2.53521648119204e-13,1.68177607304774e-25
2.16,1.98951966012828e-14,1.01849912017442e-25
2.17,5.81191146927517e-29,2.86583490815567e-56
2.18,2.02433837016129e-30,2.15900504359294e-58
2.19,-1.30685040475801e-28,2.20829745326926e-56
2.2,1.7526361361719e-29,1.05564701849766e-58
2.21,-1.32502358078605e-28,2.39075731577427e-56
2.22,3.6652636481449e-13,1.81362868338891e-26
2.23,3.02179614664055e-13,6.91779985270128e-26
2.24,4.25301685971618e-29,7.30299212070123e-57
2.25,-1.03000274975784e-13,3.4102523498351e-25
2.26,3.2991920306813e-13,1.29252094014754e-25
2.27,-2.18278728425503e-13,1.80112575320918e-25
2.28,7.38879733367669e-29,1.22663501734154e-56
2.29,-1.27416280930187e-28,1.28443746164312e-56
2.3,-9.98224330621684e-30,2.48493663430716e-58
2.31,-4.65807474783421e-30,5.42114535384796e-59
2.32,-1.36771954329359e-29,5.71161775580098e-58
2.33,2.20552465179935e-13,2.99278541069533e-25
2.34,2.76164216158594e-30,2.75761629047932e-58
2.35,-3.64952862216495e-30,2.22489031812162e-58
2.36,-8.05842861839124e-30,3.36313889931243e-58
2.37,9.16315912036225e-14,4.04772014461009e-27
2.38,-2.22060084970827e-29,6.80455079161388e-56
2.39,1.00518461062582e-29,8.34899446554746e-59
2.4,-1.96870914158103e-28,2.94427504429531e-56
2.41,-9.45075283192628e-30,8.16657414839651e-57
2.42,6.06860339757986e-13,4.30431949880658e-25
2.43,-5.93288087320429e-30,1.00774153229195e-56
2.44,8.5265128291212e-14,5.37364657507351e-26
2.45,-1.38322444661353e-28,1.58802078713157e-56
2.46,2.65345079242252e-13,3.15735729920758e-26
2.47,-4.54397089897085e-29,1.24960055581641e-57
2.48,-3.67495314691703e-30,2.27247513311557e-58
2.49,1.73145053850021e-13,1.16716496307391e-25
2.5,-9.60957222582217e-30,6.36479264743611e-58
2.51,1.70530256582424e-15,1.10328914362786e-26
2.52,-1.21644916362129e-13,4.08971570686527e-26
2.53,2.86490831058472e-14,6.11298064797384e-27
2.54,2.11230144486763e-13,3.6947762947807e-26
2.55,-2.20779838855378e-13,5.90038425943348e-26
2.56,9.25902191454553e-31,7.67141917718882e-58
2.57,-1.211367767939e-28,1.15304796013953e-56
2.58,5.28950682372002e-29,2.65650228238379e-56
2.59,-1.01612995707815e-29,8.85101023272232e-57
2.6,-2.13460986803585e-29,9.93595041154615e-58
2.61,6.91215973347425e-14,1.0203053433557e-25
2.62,1.59161572810262e-15,2.23925098994186e-26
2.63,4.71993937321132e-29,6.03574465424522e-58
2.64,-1.69620761880651e-13,4.81012978277176e-26
2.65,-4.24051904701628e-13,1.22714758948428e-25
2.66,-9.59708909364273e-29,1.54757448009345e-56
2.67,-4.36666511675488e-29,8.72980585952455e-58
2.68,-1.65214827305168e-29,6.92210512425313e-58
2.69,-4.56043292229671e-29,2.40244379643251e-57
2.7,-1.84172677109018e-13,6.39424482647895e-25
2.71,-3.06697395504726e-29,1.120703096305e-57
2.72,1.1891643225681e-13,7.11813653859438e-26
2.73,2.68410354409756e-30,7.50301374483784e-57
2.74,-1.08229869510978e-13,7.21104428094401e-26
2.75,1.24373400467448e-13,1.08251311355913e-25
2.76,-2.3920795875883e-29,3.48101962404771e-56
2.77,-8.230927051045e-14,6.66006664419916e-26
2.78,-8.28217175782493e-31,2.21692597174209e-57
2.79,-1.06638253782876e-13,3.62514542728844e-25
2.8,-1.67030469564625e-29,1.48172866671684e-57
2.81,-1.52667279086135e-28,1.79320314608715e-56
2.82,-5.50122062320994e-29,3.0468131196429e-57
2.83,-1.29148247651756e-13,1.74574025653884e-25
2.84,1.18655617547617e-28,2.24181105513015e-57
2.85,9.84528014669195e-14,1.76754534607207e-25
2.86,-1.14377061963206e-28,3.36630854319942e-56
2.87,-6.24795783520635e-30,7.01367391553137e-59
2.88,-2.18278728425503e-13,1.8456312165973e-25
2.89,-1.69042380417301e-29,3.04739112255299e-57
2.9,-4.39285940956324e-13,1.81922602166805e-25
2.91,-1.97465305072969e-29,3.14639673479219e-58
2.92,-8.64019966684282e-13,4.3874106814468e-25
2.93,-8.99445551908957e-29,5.99240343199956e-57
2.94,-2.4056134861894e-13,4.04411623708642e-25
2.95,-6.88123574700276e-29,3.29724007180865e-57
2.96,-3.29691829392686e-14,5.40780193069695e-26
2.97,-4.47926140623167e-14,3.71667712281076e-26
2.98,2.87855073111132e-13,9.89079068229666e-26
2.99,6.58019416732714e-13,5.0077775106676e-25
3,-2.77361916553897e-29,1.09419796010396e-55
3.01,4.06089384341612e-13,2.37545530309269e-25
3.02,7.83984432928264e-13,7.88641779289096e-25
3.03,3.00133251585066e-14,3.12913566036564e-25
3.04,3.84716258849949e-13,3.29192215528849e-25
3.05,-7.18046067049727e-13,7.60890035339666e-25
3.06,-6.48272308711916e-29,2.34316168581775e-57
3.07,-5.45405571437053e-29,5.14385622472237e-57
3.08,-5.21358783627768e-29,3.20245475406777e-57
3.09,4.7202775022015e-13,1.76066925197861e-25
3.1,9.97715687844902e-13,3.31899803720088e-25
3.11,-1.84854798135348e-12,1.4011510136971e-24
3.12,-7.68523022998124e-14,1.22843152035249e-25
3.13,-5.96572226202429e-29,9.83535330328358e-57
3.14,1.1040842995286e-30,5.69363612311615e-59
3.15,-2.2938295157802e-28,3.24591317813435e-56
3.16,-1.79350777155446e-29,1.62770105499505e-57
3.17,4.91581886308268e-13,2.16718629460874e-25
3.18,-4.21096046920866e-13,9.65152517107906e-25
3.19,2.41016095969826e-13,3.23151064628762e-25
3.2,7.46492566508176e-30,7.78258350401844e-56
3.21,3.72892827726901e-14,2.52392759897699e-25
3.22,9.17167553733399e-30,6.79637922511557e-57
3.23,3.05135472444817e-13,3.3550060621142e-25
3.24,-1.40931486734464e-28,5.82734365284048e-56
3.25,-2.69470142197305e-29,3.54608191666921e-56
3.26,-2.61138666246552e-13,9.37822100170307e-26
3.27,2.95450437946047e-29,1.02973690409336e-56
3.28,5.95719029661268e-14,2.37191142619407e-25
3.29,-1.25055521493778e-13,1.87828580659485e-25
3.3,-1.7098323166571e-28,7.56743272335021e-56
3.31,-1.57671631847147e-28,3.48413724219799e-56
3.32,1.03682396002114e-12,4.16819539899093e-25
3.33,2.93084667646326e-13,1.61848723408829e-25
3.34,-8.230927051045e-14,2.91405007090787e-25
3.35,-1.53704604599625e-13,3.60547245995473e-25
3.36,-1.53242936156876e-29,4.25344573361905e-58
3.37,2.04231733849523e-28,4.18423417468774e-56
3.38,-6.94853952154517e-13,8.36954426317368e-25
3.39,3.66310756226043e-29,1.726231068449e-56
3.4,-2.22216823744085e-28,5.31967986693039e-56
3.41,-1.17006493383087e-12,1.09062625253263e-24
3.42,4.36565130723216e-29,9.52559264361351e-57
3.43,-8.81755113368854e-13,1.13836260556056e-24
3.44,6.27551344223321e-14,9.47978790296132e-26
3.45,1.43377963063937e-29,8.15158535002115e-57
3.46,-7.97172106103972e-13,1.29914366360293e-24
3.47,-2.22690424277144e-29,5.94981927578382e-57
3.48,-1.07911546365358e-12,7.08334672136497e-25
3.49,2.15095496969298e-13,7.92253345892502e-25
3.5,-2.50231420190145e-28,7.5322530551405e-56
3.51,-4.78848960483447e-13,9.68130450113959e-26
3.52,-2.57432475336827e-12,7.87452551906934e-25
3.53,-3.99310641993043e-29,1.07477803774399e-56
3.54,-5.01131580676884e-13,1.72452667566436e-25
3.55,1.15505827125162e-13,4.95870350971215e-25
3.56,-6.99582696399414e-29,7.00129616308976e-56
3.57,8.46739567350596e-13,1.10848743350213e-24
3.58,-5.25687937624752e-13,2.57544629538645e-25
3.59,-1.04591890703887e-12,7.34857651292104e-25
3.6,-2.41016095969826e-13,1.33414959108246e-24
3.61,-8.04187387925711e-29,5.17574384529591e-57
3.62,1.22781784739345e-13,9.94252052090452e-25
3.63,7.01220415066928e-13,7.57676740883044e-25
3.64,-2.03940963664163e-28,4.99372005196672e-56
3.65,-1.19821639908231e-28,4.90276779587437e-56
3.66,-1.43700162880123e-13,9.99083482395004e-26
3.67,-9.64638688515464e-29,8.33169887349976e-57
3.68,-1.98017688898113e-29,1.20540035955045e-57
3.69,-6.29751447170279e-29,1.17489964108838e-55
3.7,-8.20972871339808e-29,1.00682899950405e-56
3.71,-7.73945517655546e-30,5.73439826527048e-58
3.72,2.07158975787745e-29,6.48789716333849e-57
3.73,-8.39463609736413e-13,1.35840693164838e-24
3.74,-3.7493919080589e-13,1.79149963548264e-25
3.75,-3.24234861182049e-13,1.30590021395171e-24
3.76,1.07365849544294e-12,4.76038509483317e-25
3.77,-3.87437378179425e-29,4.38297043462514e-57
3.78,-4.06377751020089e-31,1.06722340659686e-56
3.79,-1.58024704433046e-12,1.27790193043532e-24
3.8,2.09183781407774e-13,4.55901546818516e-25
3.81,-1.13050191430375e-12,5.7873745377833e-25
3.82,2.00088834390044e-14,4.99007675636845e-26
3.83,-7.56615998783354e-29,4.41734613996631e-57
3.84,1.82899384526536e-12,3.13722447658589e-24
3.85,-5.06133801536635e-13,1.40498779864547e-25
3.86,-9.24703226416613e-29,7.80047175630533e-57
3.87,-3.51864535055791e-29,2.32447385712823e-56
3.88,-1.72531904659394e-28,7.16374469535484e-56
3.89,8.96125461184239e-28,6.69813290207266e-56
3.9,-2.0672500368226e-28,7.48845243140035e-56
3.91,-2.55959375831031e-28,1.06557856580074e-55
3.92,-2.89851428152874e-28,2.00075496486954e-55
3.93,-6.4660833975263e-29,1.95200164045706e-56
3.94,2.95585778076202e-14,1.35892257401722e-24
3.95,5.93900040257722e-13,2.32642270256831e-25
3.96,-1.81306236875225e-28,1.0245973766451e-55
3.97,-9.36779542826116e-13,5.05168059778381e-25
3.98,-2.00258170472443e-28,4.5170157167931e-56
3.99,-6.39086452413734e-29,9.6388151306547e-57
4,-3.31468560756686e-28,8.25362528983068e-56
4.01,-3.04106233950107e-29,8.96997188485105e-57
4.02,1.10958353616297e-12,1.44744187067462e-24
4.03,2.09001882467419e-12,2.89239640345124e-24
4.04,-9.20367370780202e-29,8.96854120992613e-57
4.05,-1.82298000693878e-28,1.89892922335422e-55
4.06,-1.20590299071746e-28,1.61309080113831e-56
4.07,4.04793730648346e-30,5.59658971919491e-57
4.08,-2.58543150566089e-28,5.71219569454164e-56
4.09,-4.73391992272809e-13,1.41161373063426e-24
4.1,-1.70985003933311e-13,1.19776415104575e-25
4.11,-2.74768276003884e-28,1.09904761910879e-55
4.12,4.0381564758718e-13,2.71823969414243e-24
4.13,3.91082721762359e-13,5.92936973622846e-25
4.14,-5.11350929335966e-29,4.40578568259542e-56
4.15,6.38920027995482e-13,1.03355658632682e-24
4.16,1.78791109678956e-28,8.29696050043112e-56
4.17,6.64297618640647e-29,8.11496619237612e-56
4.18,3.37214410597871e-29,1.87984999824447e-55
4.19,-9.45874489843845e-14,9.20069931710834e-25
4.2,-8.8994056568481e-13,1.51259600605542e-24
4.21,-8.25715342864625e-29,5.98138530174478e-57
4.22,-9.91349224932492e-14,5.78521343528203e-26
4.23,1.35969457915053e-12,3.96117254348185e-24
4.24,-7.3197176470231e-29,5.47382205473272e-57
4.25,-2.83489498542622e-12,2.51988774491428e-24
4.26,-4.47095871605283e-29,1.73088738182215e-56
4.27,2.16641637962312e-12,2.85669267170621e-24
4.28,-4.66116034658626e-13,4.44718255378781e-25
4.29,2.47447246065694e-28,9.26052945129578e-56
4.3,-1.19559028605921e-28,3.53188649873908e-56
4.31,-1.65073288371786e-12,4.02641962283038e-24
4.32,1.66255631484091e-12,2.89009453948437e-24
4.33,3.25378814892478e-28,5.02600981588779e-56
4.34,1.08684616861865e-13,5.11044850967164e-26
4.35,1.06859926525189e-29,1.35176572048255e-56
4.36,4.46463717918859e-31,9.92964291787394e-56
4.37,-2.12140630432063e-28,2.78121323173517e-56
4.38,-2.12367012863979e-13,1.13994244600976e-24
4.39,-3.65891452619312e-28,9.37524408330654e-56
4.4,8.7565126591837e-29,8.23210253040475e-57
4.41,5.28958137107556e-29,2.16600274323226e-56
4.42,-6.5563315009701e-29,1.16035696412161e-56
4.43,3.000566559362e-29,5.21919549630609e-56
4.44,1.40062184073031e-12,2.75263186023152e-24
4.45,-1.43654688145034e-12,8.63968828589642e-25
4.46,-1.43185409266024e-28,4.77581770654857e-56
4.47,-9.12720527873919e-29,8.98428940385479e-57
4.48,2.8421709430404e-13,6.49236384808809e-25
4.49,-1.12322595668957e-13,5.07981426070975e-25
4.5,-2.42363566068352e-28,4.0113815973615e-56
4.51,6.86777265236381e-29,3.49867741054891e-56
4.52,-4.15201179966498e-29,3.42821798930902e-56
4.53,5.42058842256665e-13,1.0886524869819e-24
4.54,1.52249413076788e-12,2.07890111738898e-24
4.55,-1.730313670123e-13,1.21089999031529e-25
4.56,-4.24826998782663e-29,1.10270756294654e-55
4.57,5.52154233446345e-12,3.95784726085922e-24
4.58,-2.99627535325283e-29,2.83962773058496e-56
4.59,-2.23246414429219e-28,9.55100438593021e-56
4.6,2.07546690944582e-12,3.34058090992041e-24
4.61,-3.36362716921549e-28,1.15463789580021e-55
4.62,6.16637407802045e-13,3.07879770424997e-24
4.63,1.63709046319127e-14,1.22849651902926e-24
4.64,2.59476408515706e-29,1.76222482723887e-56
4.65,-1.14005160867237e-12,1.12401156013837e-24
4.66,6.01175997871906e-13,6.59598208895476e-24
4.67,7.36690708436072e-14,6.53662297891141e-25
4.68,1.22599885798991e-12,1.17154608606489e-24
4.69,-3.36203756518767e-28,8.71728828815156e-56
4.7,-8.64455868046531e-29,2.13624349315139e-56
4.71,8.18090484244749e-13,4.12472287635773e-25
4.72,-6.12512469808484e-29,4.94643833937237e-57
4.73,-2.5089624818709e-28,3.82145209569874e-56
4.74,-2.55650539621606e-28,6.52524088828219e-56
4.75,-4.76676704047005e-28,1.46367899010256e-55
4.76,2.02289697337603e-28,1.56162745490019e-56
4.77,-6.81288163981866e-29,9.18481813622853e-56
4.78,-1.25419319374487e-12,2.22350040294773e-24
4.79,-1.74804881680757e-12,2.72573482818129e-24
4.8,-2.66955847249292e-28,4.11559615082516e-56
4.81,-9.23590651508554e-29,9.10195827991417e-57
4.82,2.06605416313333e-28,2.49100075522987e-55
4.83,-5.00222085975111e-13,1.71190782427766e-24
4.84,-6.47560227662325e-13,2.21000137839673e-24
4.85,5.65705704502761e-13,2.20011495545991e-24
4.86,-4.193304053217e-28,2.47951626037105e-55
4.87,1.57398596241012e-28,3.280364865309e-56
4.88,-4.75471364026873e-28,1.30515377208383e-55
4.89,3.45932408284308e-29,1.71881203831243e-55
4.9,-2.88301979556387e-28,1.06799396229976e-55
4.91,7.68068275647238e-13,4.24308670875459e-25
4.92,-2.6211670328573e-28,4.42213369381079e-56
4.93,-3.29525517461036e-28,1.46405194897029e-55
4.94,2.1289201452783e-28,2.24150851188908e-55
4.95,9.05453797594817e-29,2.40417951022679e-55
4.96,-1.23419252885481e-28,6.69882416066293e-56
4.97,1.13760258523947e-28,9.94957562527961e-56
4.98,-1.13481049095153e-28,7.8201749444774e-56
4.99,9.96806193143129e-13,2.7032692982716e-24
5,-4.85670170746744e-13,2.11874489223988e-24
